x = [1 2 3 4 6 8 10 12 14 16 18 20 24 28 32 36 40 44 48 52 56 60 64 68 72 76 80 ];
name = {'/export/data/fredrikm/inf236/graphs/road_usa' };
n = [23947347 ];
nz = [28854312 ];
TimeSequentialBFS = [1.727464 ];
TimeAParallelBFS = [1.736138 1.274288 1.102464 1.100967 1.030540 1.209886 1.352650 1.269892 1.179908 1.500226 1.396243 1.517694 1.705959 1.716134 2.020890 2.168850 1.937924 2.177442 2.493264 2.343415 2.881315 2.932172 3.210136 3.294461 3.162895 3.116817 3.502823 ];
